010001000101010101011101000
011000101000110000100111011
011000001010000001001010101
011000000011000010110010101
001011000001001101001110010
011000010101000100101001000
010111110000100011010101110
010100101101000100101011010
011000010110100001100001111
010101001110100101100001001
010100110010110100100010110
010110001000111000100111110
010101011110000100101101011
010000100011101000101111010
010100001101111100100110000
010010001000111011011110001
000111001000011110101010111
001100111110101101111111010
001001000001001010000101111
010011010000110001111101011
010010111001000110011110110
010011111010000100000110010
001101100100100011100001001
011000001110101111011111011
001111101111001100000011100
010101011001001110000000101
010101110110111100011111110
000010110001001001000000110
010110101011111001010111110
001011010000100110111111110
010001011111000101100001111
010110010000101101011111110
010001000011110100101011101
000110100101110111110101111
010101100001101110001101011
010011101110100110010100010
001001110110011010101000100
001011001001100011110000110
010110000010100100010000100
010100001111000001001010111
010110100011100111001100111
011000010100110011000000111
010001101010000100110100100
010111101111001011110101111
010000000000111111101000000
001100011000111000110110110
011000010010001100111110001
011000110100101101101011000
010010110011000100010010010
000110001000011100010010100
010011101111011111000000110
011000110111110100110110000
001101000101001001001110111
010100010110011100010011110
001110111001111010100011011
010011010011001100111101101
011000010100001110110101001
010111110011011111010011011
010111101010110010111101101
001100001101110011111001100
011000110001100011110011100
011000001001100101011011110
011000000010111010001011101
000011011110001000111011111
011000111001001100101111001
010001110010011011001101000
011000011100110010000110010
010011110011001110010100001
000110101010000110110100101
000001101010001010000111010
010100100101010100001000111
011000100100010000000010110
010100100101011101100111101
001110001000111001001000011
011000001001110100001001001
010111011111111011001101101
001000000001011000100011010
001011000101101010010011101
011000110000011010111010101
010000101111111101101010001
010011001110101001111101000
000101110100001111010101111
010111000011111111000010100
010101101111000011010010010
001010001001101010010111000
010000111110011101010111111
010100111011011011010111000
001111101011011011101011101
010101101111100101110001111
010000010101000011011011011
010100111110000001100000011
011000001101100100000101111
010110110110010110000000000
001110100100100010110000110
011000110100110011100000001
010100010110010010011111001
010110001010111001111101100
011000110111001001101100001
010010010110110100010010000
010110101011011110001101111
