001111110010110011100100111
001111110010000001101000000
001111101110110111100110011
001111101101000101100000001
001111101101111101100110111
001111110010101101101111101
001111100101101110101011010
001111110111001100110011111
001111110000010101100001100
001111110010111100011001110
001111011111111001011011011
001111010011000111000110001
001111101100110101101110011
001111110101101110010011111
001111110101000011001110101
001111101000010111001011100
001111101111100110101101100
001111101101111011001100001
001111100101011011000111110
001111110000000011001000011
001111110000010101111111100
001111110001100000000101111
001111011001001011110110101
001111110100000010100101000
001111101100000010100100011
001111101010011110100110110
001111101100001011100011011
001111110011011110010101100
001111100011100001001011100
001111010000001110100100101
001111110000101010100110111
001111001110001000000010111
001111101111000100101100100
001111101010010111000111000
001111101101101110110101101
001111110101011011001010001
001111110110010110000101101
001111110100010011011000001
001111101111110110011000011
001111100001010110101110110
001111101001111010101011010
001111011010000010001000110
001111100111001010000101010
001111110110101011000011010
001111100100011100110001011
001111110010001111111111101
001111101110101111011110111
001111110111110110111100100
001111110011111011011010101
001111110010010010011001100
001111100110010110000110001
001111101010101010010111100
001111101000000111100101001
001111100000001101001011100
001111110010110011000001011
001111110001100000110011100
001111011100011101110111110
001111110100010011000100101
001111100010100000111001110
001111101101110010111010101
001111101101000000001001010
001111110110101011011101000
001111110111011001100000011
001110110100101000000111011
001111110011100001111101100
001111110011010111010000000
001111101000000110011111000
001111110010011010011101111
001111011111101111110100011
001111110000000010100110100
001111110011110000111000001
001111011101101011010001100
001111101010011101010110001
001111010100001001101101000
001111110100100010100110110
001111110101110011101001110
001111110001100101010010101
001111110011010100111100101
001111001110101011110110011
001111110101010111101110100
001111110100100011101110010
001111100011001110001110111
001111110000011001111111101
001111110000011010011001101
001111100001100000000010111
001111100100100010101011011
001111110110011110111010000
001111100001000111101000110
001111110111000100110010110
001111110101100111101010001
001111110000111000000111100
001111110100011010010001000
001111011100101100011110101
001111100110110001100110001
001111101000001101001001001
001111110001101011011111010
001111011101111100100011101
001111011010101000010000000
001111011101001101110110101
001111100111011110110010100
