010000101100100001000001011
010000101100100000111000110
010000101100011101101100001
010000101100011111111101100
010000101100100001000110100
010000101100011100011100001
010000101100011111010101110
010000101100100000001100010
010000101100011111110001001
010000101100011110100111001
010000101100011110011101010
010000101100100010000111001
010000101100100001011000011
010000101100011111100101110
010000101100100000101110110
010000101100100001000000110
010000101100100000010001000
010000101100100011100111000
010000101100100000010101110
010000101100011111101001100
010000101100100000101110001
010000101100100000000011000
010000101100100010100111100
010000101100011111111000110
010000101100100000010010110
010000101100100001100011110
010000101100100000101111101
010000101100011111100010111
010000101100011101100111100
010000101100011111000000011
010000101100011110110101010
010000101100100001011100111
010000101100011111111110110
010000101100011111101101101
010000101100011111001101101
010000101100011110011110100
010000101100011101111111011
010000101100011110010010111
010000101100011110010110000
010000101100100000001111101
010000101100100001100110000
010000101100011101101010001
010000101100100000001010110
010000101100100001000001000
010000101100011111001100101
010000101100011111110111111
010000101100100011010001001
010000101100011110001000000
010000101100100000010100001
010000101100100001001011011
010000101100011110101000001
010000101100011111100110000
010000101100100001110101111
010000101100100000101110010
010000101100011111000001101
010000101100100000011100110
010000101100011111111001100
010000101100100010000100001
010000101100011101010010110
010000101100011111101101011
010000101100100001001101011
010000101100011110110110000
010000101100100000000000010
010000101100100001101111010
010000101100011101010110010
010000101100100001010110101
010000101100100010000110001
010000101100011110111011010
010000101100011100001101110
010000101100100000000111000
010000101100011110110101111
010000101100011111111110000
010000101100011111011011000
010000101100011111111011001
010000101100011110101001001
010000101100100000110101101
010000101100011111000101111
010000101100100001010001100
010000101100011110110011001
010000101100011100111101010
010000101100011110011000011
010000101100100010000000110
010000101100011111010011000
010000101100100010100011110
010000101100011110001011101
010000101100100010111011101
010000101100100010011101000
010000101100011111101001001
010000101100100000011011011
010000101100011110011010100
010000101100100001111011110
010000101100100000010101101
010000101100100001000100000
010000101100100011000010110
010000101100011101111111111
010000101100100010001001110
010000101100100000011101111
010000101100100000011010111
010000101100011110111001111
