010000101100100001000001011
010000101100100000111000110
010000101100100000001000110
010000101100011111001101001
010000101100011111011110111
010000101100011110111110111
010000101100011110000001000
010000101100011111110100010
010000101100100001100001010
010000101100011110111101100
010000101100011110010111000
010000101100100010011100110
010000101100100001111110100
010000101100100000000000110
010000101100100000111100011
010000101100100000110001011
010000101100011111110111111
010000101100100011101110000
010000101100011111111110110
010000101100100000000101110
010000101100100000110010000
010000101100011111100011100
010000101100100011000000000
010000101100100000001010101
010000101100100001000110001
010000101100100001100110000
010000101100100000011010111
010000101100011111100011101
010000101100011101111101000
010000101100011110110111011
010000101100011111001000001
010000101100100001101110100
010000101100011111111110110
010000101100011111100110010
010000101100011111100100110
010000101100011110010101111
010000101100011101111110011
010000101100011110011110111
010000101100011110010110110
010000101100100000010001111
010000101100100001101101101
010000101100011101100011100
010000101100100000000111010
010000101100100000110011100
010000101100011111000111100
010000101100011111111110101
010000101100100011011100001
010000101100011101101110101
010000101100100000100001100
010000101100100000111111111
010000101100011110100011101
010000101100011111110001101
010000101100100001111010000
010000101100100000110111010
010000101100011110111100011
010000101100100000001011000
010000101100011111100011101
010000101100100010011011011
010000101100011101010010110
010000101100011111101100110
010000101100100001010110010
010000101100011110110101101
010000101100011111111101111
010000101100100001101101000
010000101100011101001011100
010000101100100001010011101
010000101100100010000111000
010000101100011110111010101
010000101100011100000011100
010000101100100000001100000
010000101100011110111100100
010000101100011111111011000
010000101100011111011101111
010000101100011111111100010
010000101100011110011101010
010000101100100000101101011
010000101100011111001100101
010000101100100001010011001
010000101100011110110010000
010000101100011100110000111
010000101100011110011010110
010000101100100010001010000
010000101100011111010101011
010000101100100010100110111
010000101100011110010000100
010000101100100010110010111
010000101100100010101000100
010000101100011111101001111
010000101100100000011111101
010000101100011110011011001
010000101100100001101111100
010000101100100000010111101
010000101100100001001000010
010000101100100010111111111
010000101100011110000001011
010000101100100010001010001
010000101100100000101000100
010000101100100000010111011
010000101100011110111110010
010000101100011111101100110
